1	3.0
10	3.0
100	4.0
100032	2.0
100083	0.0
100365	2.0
100383	1.0
100517	3.0
100556	4.0
100581	1.0
1006	4.0
100714	3.0
100745	1.0
100843	4.0
101	3.0
1010	3.0
101070	3.0
101076	3.0
1011	4.0
101112	0.0
1012	3.0
1013	3.0
101362	3.0
1016	4.0
1017	2.0
1018	3.0
101864	3.0
101895	1.0
1019	3.0
1020	2.0
102123	1.0
102125	2.0
1022	4.0
1023	4.0
102445	3.0
1025	4.0
1027	3.0
102753	5.0
1028	3.0
102800	2.0
102880	0.0
1029	3.0
102903	1.0
1030	5.0
103042	2.0
1031	4.0
1032	3.0
103228	5.0
103249	0.0
103253	1.0
1033	5.0
103372	1.0
1034	3.0
1035	3.0
1036	3.0
1037	3.0
103810	1.0
103980	4.0
104	3.0
1041	4.0
1042	3.0
104211	3.0
104241	1.0
104272	3.0
1047	2.0
104726	3.0
104841	4.0
104879	4.0
105	3.0
105197	4.0
105355	4.0
105504	3.0
105769	4.0
1059	4.0
1060	4.0
106072	2.0
1061	3.0
106111	1.0
106332	3.0
106487	4.0
106489	2.0
106782	3.0
106916	1.0
106920	4.0
107	2.0
1073	3.0
107348	0.0
107406	4.0
107555	5.0
1077	3.0
1078	3.0
1079	4.0
107910	4.0
1080	3.0
1081	4.0
108188	2.0
108190	0.0
1082	3.0
1084	3.0
1086	4.0
108689	0.0
108729	1.0
1088	2.0
1089	3.0
108932	1.0
108945	1.0
1090	4.0
1091	2.0
109187	0.0
1092	3.0
1093	2.0
109374	2.0
1094	4.0
109487	3.0
1095	4.0
1096	3.0
109673	1.0
109687	2.0
1097	3.0
109848	3.0
11	3.0
110	4.0
1100	2.0
1101	2.0
110102	4.0
110127	0.0
1103	3.0
1104	3.0
110553	0.0
110586	4.0
110730	1.0
110771	2.0
111	4.0
111228	2.0
111360	1.0
111362	3.0
111364	4.0
1114	3.0
111443	4.0
111622	4.0
111759	3.0
111781	4.0
112	3.0
1120	3.0
112138	3.0
112171	2.0
112183	2.0
112370	3.0
1124	3.0
1125	4.0
112552	1.0
112556	4.0
1126	2.0
112623	4.0
1127	3.0
112788	1.0
1128	4.0
112852	3.0
1129	3.0
112940	1.0
1130	3.0
1131	2.0
113345	0.0
113348	2.0
113378	0.0
1135	3.0
1136	4.0
113741	1.0
114180	1.0
114635	4.0
1147	3.0
1148	4.0
1150	3.0
115149	4.0
115502	3.0
115569	5.0
115617	1.0
115713	3.0
1161	3.0
116161	1.0
116797	2.0
116799	0.0
116823	0.0
116897	4.0
1171	3.0
117176	1.0
1172	4.0
1173	3.0
1175	3.0
117529	4.0
117533	3.0
1176	3.0
1177	3.0
1178	4.0
1179	3.0
118	3.0
1181	4.0
1183	3.0
1185	3.0
1186	3.0
118696	1.0
1188	2.0
1189	3.0
119141	2.0
119145	1.0
1193	4.0
1194	5.0
1196	3.0
1197	3.0
1198	4.0
1199	3.0
1200	4.0
1201	3.0
1202	4.0
1203	4.0
1204	4.0
120466	1.0
1206	4.0
1207	4.0
120799	3.0
1208	4.0
1209	4.0
1210	3.0
1211	3.0
121171	3.0
1212	3.0
121231	4.0
1213	4.0
1214	4.0
1215	3.0
1216	2.0
1217	4.0
1218	3.0
1219	4.0
122	3.0
1220	4.0
1221	4.0
1222	4.0
1223	4.0
1224	5.0
1225	4.0
1226	4.0
1227	3.0
1228	4.0
122882	2.0
122886	3.0
122890	3.0
122892	3.0
122900	3.0
122902	0.0
122904	2.0
122920	3.0
122924	2.0
123	4.0
1230	3.0
1231	3.0
1232	4.0
1233	3.0
1234	3.0
1235	3.0
1237	4.0
1238	5.0
1240	4.0
1241	1.0
1242	5.0
1243	3.0
1244	4.0
1245	4.0
1246	3.0
1247	3.0
1248	4.0
1249	2.0
125	3.0
1250	4.0
1251	3.0
1252	4.0
1253	3.0
1254	4.0
1255	3.0
1256	3.0
1257	5.0
1258	4.0
1259	3.0
126	4.0
1260	4.0
1261	5.0
1262	3.0
1263	3.0
1264	3.0
1265	3.0
1266	3.0
1267	4.0
1268	3.0
1269	4.0
1270	4.0
1271	3.0
127136	1.0
1272	3.0
127202	5.0
1274	4.0
1275	3.0
1276	4.0
1277	4.0
1278	3.0
1280	4.0
1281	2.0
1282	4.0
1283	3.0
128360	2.0
1284	3.0
1285	3.0
1286	3.0
1287	3.0
1288	4.0
1289	4.0
1290	3.0
1291	3.0
1292	4.0
1293	3.0
1295	2.0
1296	4.0
1297	3.0
1298	3.0
1299	4.0
129937	1.0
130	4.0
1300	4.0
1301	3.0
1302	3.0
1303	3.0
1304	3.0
130452	2.0
130490	0.0
1305	4.0
130576	2.0
1306	3.0
130634	2.0
1307	4.0
131013	3.0
1320	2.0
132046	0.0
1321	3.0
132480	3.0
1327	3.0
132796	3.0
132961	3.0
1332	3.0
1333	3.0
1334	3.0
1336	3.0
1339	3.0
1340	3.0
134130	3.0
1342	2.0
1343	3.0
134368	4.0
134393	4.0
1344	5.0
1345	3.0
1346	3.0
1347	2.0
1348	4.0
134853	1.0
135	4.0
1350	3.0
135133	0.0
1352	4.0
1353	3.0
1354	3.0
135436	1.0
135567	3.0
135569	3.0
1356	3.0
1357	4.0
1358	3.0
1359	3.0
136020	3.0
1361	3.0
136562	1.0
1366	5.0
1367	3.0
136864	3.0
1370	3.0
1371	3.0
1372	3.0
1373	3.0
137337	3.0
1374	3.0
1375	3.0
1376	3.0
1377	3.0
1378	3.0
137857	3.0
1380	3.0
138036	1.0
1381	3.0
1382	1.0
1385	3.0
1387	3.0
1388	2.0
1389	1.0
1390	3.0
1391	2.0
1393	3.0
139385	2.0
1394	3.0
1395	4.0
1396	3.0
139644	3.0
139757	3.0
139855	2.0
1399	3.0
14	3.0
140	3.0
140110	2.0
140174	4.0
140267	4.0
1405	2.0
1407	4.0
140711	2.0
1408	3.0
1409	2.0
140928	0.0
141	3.0
1411	3.0
1416	3.0
1422	4.0
1423	4.0
142488	3.0
142507	3.0
1427	3.0
143385	2.0
1437	4.0
1438	3.0
144	3.0
1440	3.0
1441	2.0
1449	4.0
145	3.0
1457	3.0
145839	1.0
1459	3.0
145935	3.0
1461	4.0
1464	3.0
1466	4.0
146656	3.0
147	3.0
1476	3.0
1479	1.0
1483	3.0
1484	3.0
1485	3.0
148626	3.0
1488	4.0
149	5.0
149352	3.0
149354	3.0
149406	4.0
1499	2.0
150	3.0
1500	3.0
1502	1.0
1503	1.0
1508	4.0
151	3.0
1513	3.0
1515	4.0
1517	2.0
152	4.0
152057	0.0
152077	3.0
152079	1.0
152081	3.0
1523	4.0
1527	3.0
1529	3.0
153	3.0
154	4.0
1541	2.0
1544	2.0
1545	4.0
1546	4.0
1552	2.0
1556	1.0
155820	1.0
1562	1.0
1566	4.0
156607	0.0
156609	3.0
1569	3.0
157	1.0
1570	2.0
157200	1.0
157296	2.0
1573	3.0
157667	1.0
158	2.0
1580	3.0
158238	3.0
1584	4.0
158528	3.0
1588	2.0
1589	3.0
159	4.0
159093	1.0
1591	4.0
159690	2.0
1597	2.0
159755	1.0
1598	4.0
159858	4.0
159972	0.0
16	4.0
160	2.0
160080	1.0
160271	2.0
160563	1.0
160565	2.0
160567	4.0
1608	2.0
161	4.0
1610	4.0
1611	3.0
161155	0.0
1612	4.0
1614	3.0
1615	3.0
1616	3.0
1617	4.0
162	3.0
1620	4.0
1624	4.0
1625	3.0
1627	4.0
163	3.0
1635	4.0
1639	3.0
164	4.0
1641	2.0
1644	1.0
1645	3.0
1649	2.0
165	3.0
1653	4.0
166	2.0
1663	3.0
1672	4.0
1673	3.0
1674	4.0
1676	3.0
168	3.0
1680	4.0
1681	0.0
1682	3.0
1686	4.0
1687	2.0
1689	4.0
169	3.0
1690	2.0
1693	3.0
1694	4.0
17	3.0
170	3.0
1701	4.0
1704	4.0
1707	5.0
1711	5.0
1717	3.0
1719	4.0
172	2.0
1721	3.0
1722	3.0
1726	1.0
1729	2.0
173	3.0
1732	3.0
1735	2.0
1747	3.0
1748	4.0
175	3.0
1752	3.0
1753	2.0
1754	3.0
176	4.0
1760	1.0
1769	2.0
177	3.0
1772	4.0
1777	3.0
1779	2.0
1783	4.0
1784	4.0
1785	4.0
179	2.0
1791	4.0
1792	3.0
1797	3.0
1798	3.0
1799	4.0
18	3.0
180	3.0
1805	2.0
1806	1.0
1807	1.0
1809	3.0
181	2.0
1810	2.0
1816	2.0
1821	3.0
1827	4.0
1831	2.0
1834	3.0
1835	3.0
1836	2.0
1845	4.0
185	2.0
1858	5.0
1859	5.0
186	3.0
1860	4.0
1862	2.0
1864	3.0
1873	4.0
1876	2.0
188	2.0
1880	4.0
1882	1.0
1883	3.0
1884	3.0
1887	2.0
1889	3.0
1892	4.0
1895	2.0
1897	1.0
19	2.0
1900	3.0
1904	3.0
1907	3.0
1909	2.0
1912	4.0
1914	3.0
1917	3.0
1918	2.0
1921	4.0
1923	3.0
1927	3.0
193	1.0
1931	4.0
1932	1.0
1935	4.0
194	4.0
1941	3.0
1943	3.0
1944	4.0
1945	4.0
1946	4.0
1947	4.0
1949	3.0
1950	3.0
1951	3.0
1952	3.0
1953	3.0
1954	3.0
1955	4.0
1956	3.0
1957	3.0
1958	3.0
1959	2.0
196	2.0
1960	3.0
1961	4.0
1962	3.0
1964	3.0
1965	3.0
1967	3.0
1968	4.0
1974	3.0
198	3.0
1982	3.0
1983	4.0
1984	1.0
1994	4.0
1997	4.0
2	3.0
20	1.0
2000	3.0
2001	3.0
2002	3.0
2003	2.0
2004	1.0
2005	4.0
2006	3.0
2009	3.0
2010	3.0
2011	3.0
2012	3.0
2013	3.0
2014	4.0
2015	3.0
2018	3.0
2019	3.0
202	3.0
2020	3.0
2021	3.0
2022	4.0
2023	3.0
2024	1.0
2025	3.0
2027	3.0
2028	3.0
203	3.0
2033	4.0
2034	4.0
2038	3.0
204	4.0
2041	2.0
2042	3.0
2046	5.0
2054	2.0
2058	2.0
206	3.0
2060	2.0
2064	4.0
2065	2.0
2066	5.0
2067	3.0
2068	5.0
207	2.0
2070	4.0
2072	4.0
2075	4.0
2076	4.0
2078	4.0
208	2.0
2080	5.0
2081	4.0
2082	2.0
2083	4.0
2085	4.0
2086	5.0
2087	5.0
2088	2.0
209	2.0
2091	5.0
2092	3.0
2094	4.0
2096	5.0
21	3.0
2100	3.0
2102	5.0
2105	3.0
2107	2.0
2108	3.0
2109	4.0
2110	3.0
2112	3.0
2114	4.0
2115	4.0
2116	3.0
2117	4.0
2118	4.0
2120	4.0
2121	2.0
2122	2.0
2124	3.0
2125	4.0
2126	2.0
2131	4.0
2132	4.0
2133	3.0
2134	3.0
2136	3.0
2139	3.0
214	2.0
2140	4.0
2141	4.0
2143	2.0
2144	3.0
2145	3.0
2146	4.0
2148	1.0
215	3.0
2150	3.0
2153	5.0
2159	2.0
216	1.0
2160	3.0
2161	4.0
2166	4.0
2167	2.0
2170	2.0
2174	4.0
2176	5.0
2178	3.0
2181	4.0
2183	3.0
2184	4.0
2186	4.0
2188	3.0
2193	2.0
2194	4.0
22	3.0
220	4.0
2202	5.0
2203	4.0
2204	4.0
2205	3.0
222	5.0
223	3.0
2231	3.0
2232	3.0
2236	3.0
224	4.0
2240	4.0
2243	4.0
2245	4.0
2247	4.0
2248	3.0
2249	4.0
225	2.0
2252	4.0
2253	3.0
2255	2.0
2259	2.0
2263	2.0
2264	2.0
2267	4.0
2268	3.0
2269	3.0
227	2.0
2273	3.0
2278	3.0
228	2.0
2282	0.0
2286	1.0
2288	4.0
2289	4.0
229	4.0
2291	3.0
2294	2.0
2296	2.0
23	2.0
230	2.0
2300	4.0
2301	3.0
2302	3.0
2303	3.0
2307	4.0
231	3.0
2311	3.0
2313	3.0
2318	4.0
232	4.0
2320	4.0
2321	4.0
2322	3.0
2324	3.0
2329	3.0
233	4.0
2333	3.0
2334	2.0
2336	3.0
2338	2.0
2340	2.0
2344	5.0
2346	3.0
2347	3.0
2348	4.0
235	3.0
2351	3.0
2352	4.0
2353	2.0
2355	3.0
2356	2.0
2357	3.0
236	3.0
2360	2.0
2361	4.0
2366	3.0
2367	1.0
2369	2.0
237	3.0
2371	3.0
2374	3.0
2376	4.0
2378	3.0
2379	5.0
2381	5.0
2383	5.0
2384	2.0
2387	3.0
2389	3.0
2390	3.0
2391	3.0
2394	3.0
2395	3.0
2396	3.0
2398	4.0
24	2.0
2402	3.0
2403	3.0
2405	3.0
2406	3.0
2407	3.0
2409	4.0
2410	3.0
2411	4.0
2412	4.0
2413	4.0
2417	3.0
2418	3.0
242	4.0
2420	2.0
2423	3.0
2424	3.0
2427	2.0
2428	1.0
2431	2.0
2432	4.0
2433	4.0
2435	2.0
2439	2.0
2447	2.0
2454	3.0
2455	3.0
2457	4.0
2459	3.0
246	4.0
2460	4.0
2463	4.0
2467	3.0
2468	2.0
247	3.0
2470	4.0
2474	3.0
2478	4.0
248	2.0
249	3.0
2490	3.0
2496	2.0
25	3.0
2501	3.0
2502	3.0
2505	1.0
2507	1.0
2513	2.0
2517	2.0
2518	3.0
252	3.0
2520	3.0
2521	3.0
2522	4.0
2523	3.0
2524	4.0
2527	4.0
2528	3.0
2529	3.0
253	3.0
2530	2.0
2531	2.0
2532	3.0
2533	2.0
2535	4.0
2536	2.0
2539	3.0
254	3.0
2541	3.0
2542	3.0
2551	3.0
2553	3.0
256	3.0
2560	3.0
2561	4.0
2568	0.0
2571	4.0
2572	3.0
2574	2.0
2575	3.0
25753	3.0
25769	4.0
2577	3.0
2579	3.0
2580	3.0
25805	2.0
2581	1.0
2583	5.0
2585	1.0
2594	4.0
2596	4.0
2598	2.0
2599	3.0
26	3.0
260	3.0
2600	3.0
2605	3.0
26052	4.0
2606	3.0
261	4.0
2611	5.0
26111	4.0
26131	4.0
26151	5.0
26152	4.0
2616	2.0
2617	2.0
262	4.0
2622	2.0
2624	3.0
26242	5.0
2628	3.0
2639	4.0
2640	4.0
2641	3.0
2642	2.0
2644	3.0
2648	3.0
265	3.0
2657	2.0
26587	4.0
2659	3.0
266	3.0
26614	5.0
2662	4.0
2664	3.0
2668	2.0
267	2.0
2671	4.0
2672	2.0
26729	4.0
2677	4.0
2678	1.0
26810	2.0
2683	2.0
2686	3.0
2687	5.0
2688	3.0
2689	1.0
269	3.0
2690	4.0
2692	4.0
2694	3.0
2699	2.0
2700	2.0
2701	1.0
2702	2.0
27020	2.0
2706	3.0
2707	3.0
2709	1.0
2710	1.0
2712	3.0
2713	2.0
2716	3.0
2717	2.0
2718	1.0
272	3.0
2720	2.0
2721	3.0
2722	2.0
2723	2.0
2724	2.0
2726	3.0
27266	3.0
2728	4.0
2729	3.0
273	3.0
2730	4.0
2731	5.0
27317	4.0
2734	4.0
27369	3.0
27376	0.0
2738	3.0
2739	4.0
2741	4.0
2746	3.0
27478	2.0
2749	4.0
2750	4.0
2757	2.0
2759	1.0
276	1.0
27604	3.0
2761	3.0
2762	3.0
2763	2.0
27660	4.0
2769	2.0
277	3.0
2770	2.0
27721	3.0
27773	3.0
27788	3.0
27803	4.0
2782	4.0
27821	1.0
27822	4.0
27831	5.0
27834	4.0
27846	4.0
2787	4.0
2788	5.0
2790	3.0
27904	2.0
2791	3.0
2793	2.0
2794	3.0
2795	3.0
2797	3.0
2802	4.0
2803	2.0
2804	4.0
2805	3.0
2808	4.0
281	3.0
2819	3.0
282	3.0
2822	3.0
2826	5.0
2827	3.0
2829	4.0
283	3.0
2836	3.0
2840	2.0
2841	3.0
285	4.0
2851	2.0
2852	5.0
2856	4.0
2857	4.0
2858	4.0
2861	3.0
2863	4.0
2867	3.0
2871	3.0
2872	5.0
2875	4.0
2877	4.0
2879	4.0
288	3.0
2881	2.0
2883	4.0
2888	2.0
289	4.0
2890	3.0
2891	1.0
2892	3.0
29	3.0
2901	4.0
2902	2.0
2903	1.0
2905	4.0
2907	2.0
2908	2.0
2912	4.0
2915	1.0
2916	3.0
2917	4.0
2918	4.0
292	3.0
2921	4.0
2925	4.0
2926	4.0
2929	5.0
293	4.0
2932	4.0
2942	1.0
2944	4.0
2947	4.0
2949	3.0
2950	3.0
2951	4.0
2952	2.0
2953	2.0
2956	4.0
2959	3.0
296	4.0
2966	4.0
2967	4.0
2968	2.0
2970	4.0
2971	4.0
2973	4.0
2976	3.0
2977	2.0
2978	2.0
2983	4.0
2985	3.0
2986	3.0
2987	4.0
2989	4.0
2990	3.0
2991	4.0
2993	4.0
2995	2.0
2997	4.0
3	3.0
300	3.0
3000	4.0
3004	1.0
3005	2.0
3006	4.0
3007	3.0
3008	2.0
3010	4.0
3015	3.0
3016	3.0
3018	4.0
3019	3.0
3020	3.0
3030	4.0
3032	4.0
3033	4.0
3034	5.0
3035	4.0
3038	5.0
3039	4.0
3040	5.0
3044	3.0
3052	2.0
3053	3.0
306	4.0
3060	4.0
3062	4.0
3063	2.0
3066	3.0
3067	5.0
3068	5.0
307	3.0
30707	2.0
3071	4.0
3072	4.0
3074	4.0
30749	3.0
3077	3.0
30793	3.0
308	4.0
3081	3.0
30810	2.0
30812	1.0
3082	2.0
30820	4.0
30825	1.0
3083	5.0
3087	2.0
3088	2.0
3089	3.0
3095	3.0
3098	4.0
31	3.0
3100	3.0
3101	4.0
3102	5.0
3104	4.0
3105	4.0
3107	3.0
3108	3.0
31101	4.0
3111	5.0
31116	5.0
3113	2.0
3114	3.0
31184	4.0
312	3.0
3120	4.0
3128	4.0
3129	3.0
3130	3.0
3134	3.0
3138	3.0
314	4.0
3141	4.0
31410	3.0
3144	3.0
3146	1.0
3147	3.0
3148	0.0
315	4.0
3150	3.0
3152	3.0
3155	2.0
3156	3.0
3157	2.0
3159	4.0
316	3.0
3160	3.0
31658	3.0
3167	4.0
3168	3.0
31685	0.0
3169	3.0
31696	3.0
317	2.0
3173	2.0
3174	2.0
3175	4.0
3176	3.0
3179	2.0
318	4.0
3181	1.0
3182	2.0
3185	2.0
31878	3.0
3189	4.0
319	2.0
31952	4.0
3196	2.0
3197	4.0
3198	5.0
32	3.0
3201	3.0
3204	4.0
3206	4.0
3208	2.0
321	5.0
3210	4.0
3213	4.0
3218	1.0
3219	3.0
322	2.0
3225	1.0
3243	3.0
3244	4.0
3245	4.0
3246	4.0
32469	4.0
3247	3.0
3248	3.0
3249	4.0
3250	2.0
3251	5.0
3252	4.0
3253	2.0
3254	2.0
3255	3.0
3256	3.0
3257	3.0
3258	3.0
32587	3.0
326	5.0
3261	4.0
3262	2.0
3263	3.0
3265	4.0
3266	5.0
3267	3.0
3269	3.0
327	4.0
3272	2.0
3273	1.0
3274	4.0
3275	2.0
328	4.0
3285	2.0
3286	2.0
32892	4.0
329	3.0
3296	4.0
3298	4.0
330	2.0
3300	3.0
33004	1.0
3301	3.0
3307	3.0
3308	4.0
3310	5.0
33154	3.0
3316	1.0
33162	2.0
33166	4.0
3317	3.0
3318	3.0
332	3.0
3320	5.0
3324	1.0
3328	4.0
333	3.0
3334	4.0
334	4.0
33493	3.0
335	2.0
3354	3.0
3355	4.0
3357	4.0
3358	3.0
3359	4.0
3360	5.0
3361	3.0
33615	3.0
3362	4.0
3363	4.0
3365	2.0
33679	3.0
33683	2.0
337	4.0
3370	4.0
3371	3.0
33794	3.0
338	3.0
3385	2.0
3386	4.0
339	3.0
3390	1.0
33903	3.0
3391	3.0
3394	3.0
3395	4.0
3396	3.0
34	3.0
340	3.0
34048	2.0
3405	3.0
3406	4.0
34072	1.0
3408	2.0
3409	4.0
34143	2.0
3415	1.0
34150	1.0
34162	2.0
3418	2.0
342	3.0
3420	4.0
3421	2.0
3424	3.0
3426	4.0
3428	4.0
3429	3.0
34319	1.0
34326	4.0
34334	1.0
3435	3.0
3438	3.0
344	2.0
34405	0.0
3441	2.0
34437	3.0
3445	3.0
3448	3.0
345	3.0
3450	2.0
3451	4.0
34542	3.0
346	3.0
3461	3.0
3462	2.0
3467	4.0
3468	4.0
3471	4.0
3474	4.0
3475	3.0
3476	3.0
3477	3.0
3478	4.0
3479	4.0
348	3.0
3481	3.0
3483	3.0
3484	0.0
3489	3.0
349	4.0
3494	3.0
3498	4.0
3499	3.0
35	3.0
350	3.0
3500	4.0
3503	3.0
3504	3.0
3505	4.0
3506	3.0
3507	4.0
3508	4.0
3510	3.0
3512	3.0
3513	5.0
3515	4.0
3524	3.0
3525	3.0
3526	4.0
3527	3.0
3528	2.0
3529	4.0
353	3.0
3534	1.0
3535	2.0
3536	4.0
3537	4.0
3538	2.0
354	3.0
3543	3.0
3545	4.0
3546	4.0
3548	4.0
3549	4.0
355	2.0
3551	4.0
3552	2.0
3555	1.0
3556	3.0
3557	4.0
3559	2.0
356	3.0
3564	4.0
3566	2.0
3568	3.0
3569	2.0
357	3.0
3571	4.0
3577	3.0
3578	3.0
35836	3.0
3593	4.0
35957	2.0
3598	3.0
36	3.0
3608	4.0
361	4.0
3613	4.0
3614	4.0
3617	4.0
3618	3.0
362	4.0
3623	2.0
3624	2.0
3626	3.0
3629	4.0
3633	4.0
3634	3.0
3635	3.0
3638	3.0
3639	2.0
364	3.0
3649	4.0
365	3.0
36517	2.0
36529	2.0
36535	4.0
366	3.0
3668	3.0
367	2.0
3671	3.0
3676	5.0
3677	5.0
368	3.0
3681	3.0
3683	4.0
3684	4.0
3685	4.0
3686	4.0
3688	2.0
369	3.0
3697	2.0
3698	3.0
3699	3.0
370	2.0
3701	3.0
3702	4.0
3703	4.0
3704	3.0
3706	4.0
3707	5.0
371	3.0
3712	3.0
3713	5.0
3717	1.0
372	2.0
3720	4.0
3724	4.0
3727	4.0
3728	4.0
373	3.0
3730	3.0
3734	4.0
3735	3.0
3736	4.0
37386	2.0
3741	2.0
3742	3.0
3744	4.0
3745	2.0
3747	2.0
3751	2.0
3752	1.0
3753	2.0
3755	2.0
376	3.0
3763	2.0
377	3.0
3770	3.0
37729	3.0
3773	2.0
37731	3.0
37733	3.0
37736	3.0
37741	3.0
3780	2.0
3783	3.0
3785	3.0
3786	2.0
3787	3.0
3788	3.0
379	3.0
3791	2.0
3793	3.0
3794	3.0
3798	3.0
3799	1.0
380	3.0
3800	2.0
3801	2.0
3802	3.0
38038	3.0
3804	2.0
38061	4.0
3809	2.0
381	3.0
3811	5.0
3812	3.0
382	3.0
3823	2.0
3825	3.0
3826	2.0
3827	2.0
3829	2.0
383	3.0
3831	4.0
3834	4.0
3841	2.0
3844	2.0
3852	3.0
3854	3.0
3858	3.0
3859	4.0
3861	3.0
3863	3.0
3864	3.0
3865	3.0
3868	3.0
3869	1.0
3871	2.0
3873	3.0
3879	5.0
3882	4.0
3885	3.0
3886	2.0
38886	1.0
3892	1.0
3893	1.0
3896	3.0
3897	3.0
39	3.0
3910	3.0
3911	3.0
3915	5.0
3916	3.0
3917	3.0
39183	4.0
39231	4.0
3927	4.0
39292	4.0
393	3.0
3937	3.0
3943	3.0
3948	3.0
3949	4.0
3952	4.0
3956	1.0
3957	2.0
3967	1.0
3968	2.0
3969	2.0
3977	2.0
3979	1.0
3981	1.0
3983	4.0
3984	4.0
3986	2.0
39869	4.0
3987	4.0
3988	2.0
3989	3.0
3990	1.0
3992	3.0
3993	1.0
3994	3.0
3996	3.0
3998	1.0
3999	2.0
4	3.0
40	4.0
4002	4.0
4005	3.0
4006	2.0
4007	4.0
4008	4.0
4009	4.0
4010	2.0
4011	3.0
4012	2.0
4014	3.0
4015	3.0
4016	4.0
4017	4.0
4018	3.0
4019	3.0
4020	3.0
4021	3.0
4022	3.0
4023	2.0
4025	2.0
4027	2.0
40278	3.0
4029	4.0
4030	2.0
4033	4.0
4034	4.0
4036	1.0
4037	3.0
4039	3.0
4041	4.0
405	2.0
4052	1.0
4054	3.0
4055	2.0
4056	5.0
40583	3.0
4060	4.0
4062	4.0
40629	4.0
4063	3.0
4066	4.0
4069	4.0
407	3.0
4079	4.0
40815	2.0
40819	3.0
4082	1.0
4085	3.0
4086	4.0
4088	5.0
4090	3.0
41	3.0
410	3.0
4102	4.0
4103	3.0
4105	4.0
4111	4.0
4114	5.0
412	4.0
4121	3.0
4122	4.0
4126	4.0
4128	4.0
41285	4.0
413	2.0
4132	2.0
4144	4.0
4146	1.0
4148	2.0
4149	1.0
41566	4.0
41569	3.0
41571	2.0
4158	2.0
4161	3.0
4167	2.0
4168	3.0
41863	3.0
419	2.0
4190	4.0
41997	3.0
42	3.0
420	2.0
42004	4.0
42007	2.0
4210	3.0
4211	5.0
4214	3.0
4223	1.0
4225	2.0
4226	4.0
4228	3.0
423	3.0
4231	4.0
4232	3.0
4235	4.0
4238	3.0
4239	2.0
424	4.0
42418	3.0
4246	2.0
4247	2.0
4248	1.0
425	3.0
4251	4.0
426	2.0
4262	3.0
4263	5.0
4267	4.0
4270	1.0
4271	4.0
42718	4.0
42734	3.0
4276	4.0
4278	3.0
428	3.0
4280	4.0
4282	2.0
429	2.0
4291	3.0
4292	4.0
4297	3.0
4299	2.0
4302	5.0
4306	3.0
4308	3.0
431	3.0
4310	3.0
4312	3.0
4316	3.0
4318	4.0
432	3.0
4321	2.0
4322	4.0
4326	5.0
4333	3.0
434	3.0
4340	4.0
4343	2.0
4344	2.0
4345	4.0
435	2.0
4351	3.0
4352	3.0
4354	4.0
43556	3.0
4359	2.0
4361	4.0
4367	1.0
4369	3.0
4370	3.0
4372	3.0
4378	3.0
4380	2.0
4381	2.0
4383	3.0
4386	1.0
43871	3.0
4388	2.0
4396	2.0
44	2.0
440	3.0
44004	2.0
4404	5.0
4406	5.0
4409	2.0
441	3.0
4410	3.0
44191	3.0
44195	3.0
44199	4.0
442	2.0
44204	4.0
4422	4.0
4432	3.0
4437	5.0
4443	3.0
4446	4.0
4447	2.0
4448	1.0
445	3.0
4450	3.0
4451	2.0
4452	2.0
44555	2.0
4458	3.0
44597	2.0
4464	4.0
4465	5.0
44665	2.0
4474	3.0
44761	1.0
44788	4.0
448	3.0
4482	4.0
4483	5.0
4486	4.0
4487	3.0
4488	2.0
4489	4.0
4491	2.0
4495	3.0
4496	4.0
4498	4.0
4499	4.0
45	3.0
450	3.0
4502	2.0
4503	4.0
4509	4.0
451	3.0
45186	2.0
4522	5.0
4524	4.0
4526	3.0
4528	2.0
454	3.0
45447	1.0
4546	3.0
45499	2.0
45517	0.0
4552	4.0
4553	4.0
4557	5.0
4558	3.0
456	4.0
4564	2.0
45666	4.0
45672	1.0
457	4.0
4570	4.0
4571	3.0
45720	1.0
45722	2.0
45728	0.0
4573	4.0
459	4.0
45950	3.0
4608	4.0
4615	1.0
4617	5.0
4621	3.0
4622	3.0
4623	4.0
4625	3.0
4627	2.0
4628	5.0
4629	2.0
463	4.0
4638	1.0
4639	2.0
464	4.0
4641	2.0
4642	1.0
4643	2.0
4645	4.0
4649	4.0
465	4.0
4652	4.0
46530	0.0
4654	1.0
46578	1.0
4658	2.0
466	2.0
4661	4.0
4662	4.0
4666	1.0
46723	2.0
4675	2.0
4678	3.0
4679	4.0
468	4.0
4681	3.0
469	4.0
4691	2.0
46970	2.0
46972	3.0
46976	3.0
47	4.0
4700	3.0
4701	3.0
4709	4.0
471	3.0
4710	4.0
4713	3.0
4714	2.0
4718	3.0
4719	2.0
472	4.0
4720	2.0
4723	3.0
4725	4.0
4727	3.0
4728	3.0
4731	5.0
4733	4.0
4734	1.0
4738	3.0
474	3.0
4744	1.0
475	3.0
4751	4.0
47610	2.0
477	4.0
4772	5.0
47721	1.0
4776	3.0
4787	5.0
4789	5.0
479	2.0
47999	2.0
48	2.0
480	3.0
4803	4.0
48043	0.0
48082	1.0
4809	3.0
481	2.0
4811	4.0
4815	4.0
4816	3.0
482	2.0
4823	3.0
483	1.0
4830	4.0
4832	3.0
4835	5.0
48385	3.0
48394	3.0
4844	2.0
4848	3.0
485	2.0
48516	4.0
4857	3.0
4862	3.0
4865	3.0
48682	5.0
4873	5.0
4874	3.0
48774	4.0
4878	3.0
48780	4.0
48783	4.0
4881	2.0
4886	3.0
4888	3.0
4889	4.0
4890	3.0
4896	2.0
4898	4.0
4901	3.0
4902	2.0
4903	5.0
491	3.0
4914	4.0
492	4.0
49272	4.0
49278	2.0
49286	2.0
4929	3.0
493	4.0
4932	4.0
4936	3.0
494	3.0
4941	2.0
4951	3.0
49530	4.0
4954	4.0
4956	3.0
4958	1.0
4960	4.0
4963	3.0
4967	5.0
497	4.0
4970	4.0
4971	4.0
4973	3.0
4974	2.0
4975	2.0
4976	3.0
4978	4.0
4979	4.0
4988	3.0
4992	1.0
4993	4.0
4995	3.0
5	3.0
50	4.0
500	3.0
5000	3.0
50068	4.0
5008	3.0
501	5.0
5010	3.0
5013	3.0
5014	1.0
5015	3.0
5017	5.0
5026	3.0
5027	3.0
504	3.0
5043	3.0
5049	4.0
5054	4.0
5060	2.0
5061	3.0
5062	5.0
5064	5.0
5065	2.0
5066	3.0
507	3.0
5071	5.0
5072	2.0
5073	3.0
5074	2.0
5075	4.0
508	3.0
50851	3.0
50872	4.0
509	3.0
5096	3.0
5105	5.0
5106	2.0
51080	4.0
51084	4.0
5110	2.0
5111	4.0
5114	4.0
5120	3.0
5122	4.0
5125	2.0
51255	3.0
5127	3.0
5128	1.0
513	1.0
5135	4.0
5137	4.0
5147	4.0
51471	5.0
515	4.0
5152	5.0
51540	4.0
5161	4.0
51662	3.0
517	3.0
5170	2.0
5171	0.0
5172	4.0
5177	4.0
518	2.0
5187	4.0
519	1.0
5193	3.0
5198	4.0
52	3.0
520	3.0
5208	4.0
521	4.0
5214	3.0
5218	2.0
5219	2.0
522	3.0
5220	3.0
5222	3.0
52245	1.0
5225	3.0
523	2.0
52328	1.0
5237	4.0
524	2.0
5247	3.0
5250	4.0
5254	1.0
52604	3.0
5266	2.0
5269	2.0
527	4.0
52722	1.0
5276	4.0
5277	2.0
5279	0.0
5282	4.0
5283	3.0
529	2.0
5291	3.0
5293	4.0
52952	4.0
5296	1.0
5297	4.0
52973	3.0
5298	2.0
5299	2.0
5303	3.0
5304	3.0
5307	3.0
5308	3.0
5309	3.0
531	4.0
53129	4.0
5313	1.0
5316	1.0
5319	3.0
532	3.0
53322	3.0
5334	4.0
5335	2.0
5339	3.0
534	4.0
5344	4.0
5346	3.0
53464	1.0
5348	3.0
5349	3.0
535	3.0
5359	4.0
5363	1.0
5364	3.0
5366	1.0
5367	4.0
537	3.0
5373	3.0
5377	3.0
5378	2.0
538	3.0
5380	4.0
5382	2.0
5385	3.0
5388	3.0
53894	2.0
539	2.0
5391	3.0
53972	3.0
53996	4.0
540	2.0
5400	3.0
54001	2.0
541	4.0
5410	2.0
5416	1.0
5418	3.0
5419	1.0
54259	4.0
54272	1.0
54286	3.0
543	3.0
54372	4.0
5444	1.0
5445	4.0
5446	4.0
5449	2.0
54503	3.0
5452	2.0
5458	1.0
5459	2.0
5463	2.0
5464	3.0
547	4.0
5470	3.0
5471	3.0
5477	5.0
5478	2.0
5481	2.0
5483	4.0
54881	4.0
5489	3.0
549	5.0
5490	3.0
55	4.0
550	3.0
5500	4.0
5502	2.0
5504	2.0
5506	4.0
5507	1.0
5508	3.0
551	3.0
55118	3.0
5515	4.0
55167	0.0
5518	4.0
552	3.0
5522	4.0
5524	1.0
55247	2.0
55269	1.0
55276	3.0
5528	1.0
55280	3.0
553	4.0
5534	4.0
5541	3.0
5544	4.0
55442	2.0
5548	4.0
555	4.0
5553	2.0
556	3.0
5561	4.0
5564	3.0
5568	3.0
5574	2.0
55765	2.0
5577	2.0
5581	3.0
55820	3.0
55830	2.0
5599	3.0
5608	4.0
5617	2.0
56174	1.0
5618	2.0
562	3.0
5620	2.0
5630	3.0
5633	4.0
56367	2.0
5650	3.0
5655	3.0
56563	4.0
5662	4.0
5669	3.0
5670	4.0
5673	4.0
56775	3.0
56782	2.0
5679	3.0
5680	4.0
5682	3.0
5686	2.0
5689	4.0
5694	2.0
5696	4.0
5699	4.0
57	3.0
5703	3.0
5705	4.0
5707	4.0
5712	4.0
5723	4.0
5729	3.0
5732	4.0
57368	1.0
574	3.0
5742	4.0
5745	4.0
5747	4.0
57640	4.0
57669	2.0
5773	3.0
5782	4.0
5791	2.0
5792	4.0
58	4.0
580	1.0
58025	1.0
58047	4.0
5809	2.0
581	3.0
5810	4.0
5812	5.0
5816	2.0
58295	2.0
58299	3.0
5843	4.0
5846	4.0
5847	5.0
585	3.0
5853	3.0
5854	4.0
58559	4.0
5857	1.0
5859	2.0
586	2.0
5867	4.0
5869	4.0
587	2.0
5872	3.0
5878	3.0
588	3.0
5881	3.0
5882	1.0
589	4.0
5893	3.0
58998	1.0
590	3.0
5900	3.0
59018	5.0
5902	4.0
5903	3.0
5909	1.0
59126	4.0
592	3.0
5923	3.0
5926	3.0
5927	4.0
593	3.0
59315	4.0
5933	4.0
59369	3.0
5938	4.0
59387	3.0
594	3.0
5940	3.0
59447	5.0
5945	2.0
5949	4.0
595	3.0
59519	3.0
5952	4.0
5954	2.0
5956	3.0
5957	4.0
5959	3.0
596	4.0
5960	5.0
5961	4.0
59615	1.0
5962	3.0
5968	3.0
597	3.0
5971	4.0
59784	4.0
5981	4.0
5989	3.0
599	3.0
59900	1.0
5991	2.0
5992	5.0
5995	3.0
6	3.0
60	2.0
6001	4.0
6003	1.0
60037	0.0
60040	3.0
60069	3.0
60072	1.0
60074	1.0
6008	3.0
60126	1.0
6016	4.0
6025	3.0
6027	4.0
60295	3.0
6037	3.0
605	4.0
6059	2.0
606	4.0
60684	4.0
60766	3.0
608	3.0
6084	3.0
6096	3.0
610	3.0
6101	2.0
61024	2.0
6103	2.0
6107	5.0
611	5.0
61132	2.0
6115	3.0
6116	4.0
612	3.0
6127	4.0
61323	2.0
61394	2.0
6140	4.0
6155	0.0
6157	2.0
616	4.0
6162	2.0
6180	2.0
6184	4.0
6186	2.0
6188	3.0
6197	3.0
62	3.0
6201	4.0
6203	3.0
6212	3.0
6214	3.0
6218	2.0
6233	3.0
6234	3.0
6235	4.0
6237	4.0
62374	3.0
6238	4.0
6240	3.0
6242	4.0
62434	3.0
62511	4.0
6263	3.0
6264	3.0
6271	4.0
628	3.0
6281	3.0
6283	1.0
62849	4.0
6286	4.0
6287	0.0
6294	0.0
6296	1.0
6299	2.0
63	1.0
6303	3.0
6308	4.0
63082	2.0
63113	3.0
63131	2.0
6316	4.0
6318	3.0
6322	2.0
6323	2.0
6327	4.0
6331	3.0
6333	2.0
6345	4.0
6365	2.0
637	2.0
6373	2.0
6377	3.0
6378	2.0
6380	3.0
6383	0.0
6385	3.0
63859	3.0
64	2.0
640	3.0
6404	3.0
6413	3.0
6415	1.0
6419	5.0
6422	4.0
64285	5.0
6433	3.0
6436	5.0
6440	3.0
6442	3.0
6452	5.0
64614	4.0
64620	2.0
6464	2.0
647	3.0
6473	4.0
648	3.0
64839	1.0
64957	1.0
6502	3.0
6503	1.0
6516	4.0
653	2.0
6530	5.0
6534	2.0
6537	2.0
6538	4.0
6539	3.0
6541	3.0
6547	1.0
65514	5.0
6552	2.0
65642	4.0
6565	4.0
65802	0.0
6584	3.0
6586	3.0
6591	4.0
6593	1.0
6598	5.0
6599	3.0
66097	3.0
661	3.0
6611	4.0
66130	1.0
662	4.0
6620	2.0
66203	1.0
663	3.0
6641	3.0
6643	4.0
6645	4.0
665	3.0
6650	3.0
66596	1.0
6666	3.0
66665	3.0
6669	4.0
6678	3.0
668	4.0
66934	0.0
670	4.0
6708	2.0
67087	1.0
6709	1.0
671	4.0
6711	2.0
67193	1.0
6725	5.0
673	1.0
674	3.0
6753	4.0
6754	1.0
6757	4.0
67665	3.0
6773	1.0
67734	1.0
6774	4.0
6777	4.0
678	5.0
6783	3.0
6787	4.0
6790	3.0
6796	3.0
67997	3.0
68	4.0
680	3.0
6807	3.0
68157	3.0
68159	4.0
6816	4.0
6820	2.0
68237	3.0
68319	2.0
68324	1.0
68358	3.0
6858	2.0
6863	3.0
6867	3.0
6870	3.0
6873	2.0
6874	3.0
6875	1.0
6879	2.0
68791	4.0
68793	3.0
6881	4.0
6885	1.0
6890	4.0
6893	2.0
68954	3.0
69	3.0
69122	2.0
6918	5.0
69306	2.0
6932	4.0
6934	2.0
6936	1.0
69406	1.0
6942	3.0
69436	0.0
6944	3.0
6947	1.0
69481	4.0
6951	4.0
69524	4.0
69526	3.0
6953	3.0
6954	3.0
6957	4.0
6961	2.0
6971	5.0
6975	3.0
69757	4.0
69761	5.0
6978	2.0
6979	3.0
6981	2.0
6982	2.0
69844	4.0
6985	4.0
6987	4.0
6989	2.0
6993	3.0
7	3.0
70	2.0
7001	4.0
7003	3.0
7004	3.0
7008	2.0
7010	3.0
7013	3.0
7022	4.0
7028	3.0
70286	4.0
70293	3.0
703	3.0
70336	4.0
7034	4.0
7038	4.0
7042	2.0
7044	2.0
70533	0.0
7060	4.0
7063	4.0
7064	5.0
7068	4.0
7069	4.0
70697	2.0
707	3.0
7070	4.0
7072	4.0
708	3.0
7084	3.0
70862	2.0
7088	4.0
7089	5.0
7090	3.0
7104	2.0
7115	4.0
7116	4.0
71180	5.0
71211	3.0
7123	4.0
71264	1.0
71282	2.0
7132	3.0
7135	4.0
7136	5.0
7139	3.0
714	4.0
7143	3.0
71462	3.0
71464	2.0
7147	3.0
7153	3.0
71535	1.0
7156	3.0
7160	3.0
7161	2.0
7162	1.0
7163	2.0
7164	4.0
7173	0.0
71838	2.0
719	3.0
7199	1.0
720	4.0
72011	2.0
7212	5.0
72226	2.0
7223	4.0
7234	4.0
72378	1.0
724	3.0
7254	2.0
7265	3.0
7293	1.0
72998	3.0
73	4.0
73017	2.0
7317	3.0
7323	3.0
7325	0.0
73268	3.0
7327	2.0
733	3.0
73344	3.0
7346	3.0
7347	3.0
7348	2.0
735	4.0
73587	4.0
736	2.0
7360	3.0
7361	4.0
737	2.0
7371	3.0
7373	2.0
7396	4.0
74	2.0
7419	3.0
743	3.0
7438	3.0
7444	1.0
7445	2.0
74458	2.0
745	4.0
7451	3.0
7454	3.0
7458	1.0
74649	4.0
74789	4.0
74795	1.0
748	2.0
7482	4.0
7484	4.0
74851	0.0
7487	1.0
750	4.0
7502	4.0
7560	3.0
7569	3.0
7573	2.0
7587	4.0
76	3.0
76077	2.0
76093	3.0
76111	5.0
762	2.0
76251	4.0
76293	3.0
765	2.0
767	4.0
76738	2.0
7698	3.0
7700	5.0
7713	3.0
7728	4.0
77364	2.0
77455	4.0
7748	3.0
77561	1.0
7759	1.0
7766	4.0
7771	4.0
778	4.0
7792	3.0
78	2.0
780	3.0
7817	3.0
782	3.0
78209	3.0
7827	4.0
784	2.0
7841	1.0
78469	3.0
78499	3.0
785	3.0
78574	4.0
786	2.0
788	2.0
79	2.0
79057	2.0
79132	4.0
79185	2.0
79242	2.0
7925	3.0
79293	1.0
7936	4.0
7941	5.0
7942	3.0
79428	1.0
79695	0.0
79702	2.0
7981	5.0
7982	3.0
799	3.0
7991	2.0
8	4.0
800	4.0
8011	2.0
80126	1.0
80185	3.0
8019	3.0
802	3.0
803	4.0
804	3.0
8042	4.0
80463	3.0
80489	3.0
805	3.0
806	1.0
80862	2.0
80906	3.0
81	3.0
81158	3.0
81191	3.0
81229	3.0
8125	4.0
8154	3.0
81562	3.0
81591	1.0
81782	3.0
818	3.0
81834	3.0
81845	3.0
81847	1.0
8191	4.0
81932	3.0
8195	3.0
8197	4.0
82	5.0
8228	5.0
8239	3.0
82459	4.0
82461	3.0
8264	4.0
82854	0.0
832	3.0
83270	1.0
83293	3.0
83349	1.0
8338	3.0
836	2.0
8360	2.0
8361	4.0
83613	0.0
8366	2.0
8368	2.0
837	4.0
8370	3.0
8371	4.0
8376	3.0
838	4.0
83827	4.0
8387	5.0
841	4.0
84152	3.0
842	2.0
84236	4.0
84374	2.0
84392	2.0
8464	3.0
8477	4.0
849	3.0
8493	3.0
84954	1.0
8499	4.0
85	4.0
8507	3.0
851	2.0
852	3.0
8528	1.0
8529	1.0
8531	1.0
8533	2.0
85414	4.0
85774	4.0
858	4.0
8581	2.0
8582	3.0
86	4.0
8600	4.0
8611	1.0
86190	1.0
8620	3.0
8622	3.0
8623	3.0
8633	4.0
86332	1.0
8636	3.0
8638	4.0
8641	3.0
8644	2.0
8645	2.0
8656	3.0
866	3.0
86644	1.0
8665	3.0
86781	4.0
86833	4.0
86882	2.0
86898	3.0
869	2.0
8690	3.0
86911	0.0
87222	4.0
87232	2.0
87304	0.0
87306	1.0
87430	0.0
87485	1.0
87520	4.0
8781	1.0
8783	0.0
8784	2.0
87869	2.0
87930	2.0
8798	3.0
88	3.0
880	1.0
8807	2.0
88125	4.0
88129	3.0
88140	1.0
88163	3.0
88356	1.0
8861	4.0
8865	0.0
8873	4.0
8874	2.0
88744	4.0
88950	0.0
89	3.0
89090	1.0
891	3.0
8910	3.0
8914	4.0
8917	4.0
8928	3.0
8930	2.0
89337	3.0
8947	3.0
89470	1.0
8948	1.0
8949	3.0
89492	5.0
8950	3.0
8955	5.0
8957	3.0
8958	4.0
8961	3.0
8966	3.0
8970	2.0
8972	3.0
8973	3.0
8974	2.0
89745	4.0
89759	5.0
898	4.0
8983	2.0
8984	2.0
89840	1.0
899	4.0
9	3.0
900	2.0
902	3.0
90249	3.0
90266	2.0
903	4.0
904	4.0
90428	4.0
90439	0.0
905	3.0
90531	4.0
90600	3.0
90603	2.0
90647	3.0
90746	1.0
908	4.0
90866	1.0
90870	0.0
909	3.0
910	3.0
911	4.0
912	4.0
913	4.0
914	3.0
915	4.0
91500	2.0
91505	1.0
91529	3.0
91535	2.0
91542	2.0
91548	4.0
916	3.0
91630	2.0
91653	4.0
91658	4.0
917	4.0
918	4.0
91842	3.0
91869	3.0
919	3.0
92	3.0
920	4.0
921	4.0
922	3.0
92259	4.0
923	4.0
924	4.0
92420	1.0
92507	2.0
926	4.0
928	4.0
929	4.0
930	3.0
931	3.0
933	3.0
93326	1.0
93363	2.0
93510	3.0
93721	2.0
93831	2.0
93840	3.0
94	3.0
940	4.0
94015	1.0
94018	1.0
942	3.0
94478	1.0
945	3.0
94677	4.0
947	4.0
94777	2.0
94780	1.0
948	3.0
94833	1.0
94864	1.0
949	3.0
94959	1.0
95	2.0
950	4.0
951	5.0
95105	1.0
95167	1.0
95199	0.0
952	3.0
953	3.0
95311	1.0
954	4.0
95443	0.0
955	3.0
95510	3.0
95558	1.0
95875	1.0
96079	3.0
96150	2.0
96488	3.0
965	3.0
966	4.0
96610	1.0
96667	2.0
96737	2.0
968	5.0
96829	4.0
96861	4.0
969	4.0
97	4.0
971	3.0
97304	2.0
97393	3.0
97826	5.0
97866	3.0
97913	2.0
97923	3.0
97938	3.0
98122	0.0
98124	5.0
98154	0.0
982	4.0
98587	5.0
986	3.0
98809	1.0
98961	3.0
99007	1.0
99112	3.0
99114	2.0
99149	1.0
994	4.0
99468	2.0
996	3.0
99811	4.0
